     2.073     0.000    -1.245
     1.884    -2.965    -3.269
     3.921    -3.794    -6.025
     2.833    -4.729    -8.785
     3.655    -7.231    -9.952
     4.029    -8.324   -11.953
     4.351   -10.415   -11.698
     2.565    -9.583   -10.455
     1.698    -8.419   -11.524
     2.527   -10.416   -12.898
     1.863   -11.461   -12.003
     0.177    -9.785   -11.440
     0.213    -9.724   -13.073
     0.699   -12.057   -13.672
    -0.856   -11.803   -12.696
    -1.834   -10.264   -13.293
    -1.104   -11.806   -14.858
    -1.348   -13.447   -14.438
    -3.008   -11.934   -13.537
    -3.327   -11.237   -14.806
    -3.308    -9.291   -14.825
    -5.076    -8.826   -15.049
    -5.545    -9.357   -13.746
    -6.357    -7.802   -12.112
    -4.875    -8.451   -11.547
    -3.853    -7.740   -12.399
    -4.929    -5.548   -11.472
    -4.869    -5.940   -10.105
    -3.051    -7.155   -10.520
    -2.769    -5.620   -11.070
    -3.925    -3.876    -9.678
    -2.962    -5.042    -8.798
    -1.356    -4.911    -9.329
    -2.221    -2.915    -9.553
    -3.273    -2.169    -8.025
    -2.277    -0.887    -7.607
    -1.908     0.539    -8.312
    -0.472    -0.304    -9.498
     0.333     0.286   -10.644
    -0.106     0.193   -12.089
     1.594    -1.239   -12.916
     1.635    -2.708   -12.157
    -0.026    -2.575   -12.491
     0.699    -3.491   -14.162
     2.153    -5.050   -13.968
     1.036    -5.580   -13.097
    -0.075    -5.533   -14.141
     1.347    -6.844   -15.431
     1.819    -8.404   -14.742
     0.098    -8.362   -14.492
    -0.107    -8.108   -15.988
     1.260    -9.102   -17.452
     1.645    -8.068   -18.186
     0.428    -8.244   -18.940
    -0.963    -7.123   -17.685
    -0.197    -5.824   -17.090
    -0.719    -4.518   -17.892
    -2.357    -4.322   -17.421
    -2.385    -3.556   -15.893
    -1.585    -2.247   -16.165
    -2.862    -1.383   -16.909
    -4.179    -1.054   -15.753
    -3.338    -0.322   -14.669
    -3.376     1.179   -15.309
    -5.125     1.943   -15.166
    -5.377     1.889   -13.704
    -4.390     3.034   -13.255
    -5.314     4.509   -13.918
    -6.762     4.686   -13.161
    -6.228     5.327   -11.860
    -5.935     6.802   -12.275
    -7.442     7.546   -12.755
    -8.206     7.468   -11.549
    -7.497     8.693   -10.660
    -7.937    10.042   -11.446
    -9.526    10.177   -11.328
    -9.531    10.487    -9.819
    -8.720    11.497    -9.006
    -8.479    10.347    -8.179
    -7.189     8.503    -8.930
    -5.852     7.704    -8.259
    -4.813     6.837    -9.497
    -5.133     8.923    -9.480
    -4.379    10.228    -8.768
    -4.645    11.804    -8.554
    -5.064    12.836    -8.400
    -5.809    14.121    -8.777
    -5.756    13.094    -9.547
    -5.270    11.527    -9.303
    -5.485    10.449   -10.498
    -4.615     8.378   -10.985
    -3.656     7.437   -12.428
    -3.109     5.374   -13.337
    -1.489     5.338   -13.319
    -1.563     5.871   -11.809
    -1.974     4.181   -11.780
    -0.728     2.967   -12.938
     0.592     3.207   -11.950
     1.333     4.022   -12.833
     0.851     5.999   -11.806
     2.198     6.735   -11.401
     3.147     5.852   -10.373
     2.414     4.362   -10.688
     3.649     3.171   -11.844
     5.213     1.856   -11.617
     4.535     2.287   -10.338
     3.558     1.406   -10.100
     3.314     1.970    -8.679
     3.144     3.811    -8.675
     1.898     4.019    -9.542
     0.874     3.593    -8.776
     1.006     4.959    -7.731
     0.518     6.269    -8.448
    -0.956     6.160    -8.697
    -2.204     6.757    -7.297
    -2.653     5.207    -6.900
    -3.999     4.962    -7.662
    -3.451     4.720    -9.094
    -2.321     2.598    -9.230
    -3.767     2.187    -8.886
    -4.533     3.072    -9.988
    -3.114     1.568   -11.120
    -3.165    -0.076   -10.626
    -4.922     0.519   -10.667
    -4.714     0.760   -12.094
    -3.299    -1.220   -12.641
    -4.312    -2.248   -12.181
    -5.598    -1.201   -12.894
    -4.425    -1.915   -14.246
    -3.865    -4.024   -14.172
    -5.520    -4.095   -14.080
    -5.704    -3.246   -15.295
    -4.251    -5.032   -16.219
    -4.745    -6.447   -15.678
    -6.345    -5.472   -15.929
    -5.721    -5.539   -17.164
    -5.960    -6.828   -17.183
    -5.905    -7.006   -16.966
    -5.897    -7.694   -16.324
    -6.080    -7.869   -16.350
    -6.070    -7.975   -16.142
    -5.931    -8.164   -15.250
    -6.196    -8.701   -15.541
    -7.007    -8.514   -16.270
    -7.419    -8.414   -15.896
    -7.217    -8.967   -15.538
    -8.057    -9.388   -16.082
    -8.160    -9.976   -15.924
    -8.885   -10.175   -15.954
    -9.401   -10.860   -15.962
    -9.164   -10.571   -15.323
    -8.184   -10.417   -14.871
    -7.646   -10.825   -14.636
    -7.314   -10.822   -15.075
    -6.299   -10.898   -14.411
    -6.338   -10.462   -13.963
    -6.718   -10.072   -14.621
    -6.019   -10.162   -14.679
    -5.250    -9.948   -13.787
    -5.650    -9.426   -13.914
    -5.724    -9.353   -14.574
    -4.676    -9.458   -14.198
    -4.335    -9.033   -13.605
    -4.896    -8.639   -14.137
    -4.519    -8.725   -14.509
    -3.523    -8.658   -13.789
    -3.556    -8.148   -13.642
    -3.918    -7.986   -14.353
    -3.376    -7.781   -14.596
    -3.654    -8.239   -15.116
    -3.140    -8.392   -15.251
    -2.597    -8.809   -14.766
    -3.263    -9.289   -15.346
    -4.101    -9.095   -15.752
    -3.759    -9.242   -14.919
    -4.261    -9.828   -15.228
    -5.071    -9.886   -16.092
    -5.476    -9.439   -16.100
    -5.585    -9.733   -15.560
    -6.011   -10.271   -15.988
    -6.562    -9.988   -16.700
    -6.964    -9.763   -16.411
    -7.306   -10.309   -16.332
    -7.804   -10.443   -17.095
    -8.085    -9.884   -17.293
    -8.793    -9.860   -17.107
    -8.729   -10.370   -16.750
    -9.482   -10.897   -17.082
    -9.866   -11.312   -17.726
    -9.507   -11.755   -17.350
    -8.502   -11.426   -16.742
    -8.573   -11.150   -17.235
    -8.948   -11.708   -17.682
    -8.159   -11.928   -16.999
    -7.451   -11.436   -16.787
    -7.978   -11.478   -17.590
    -7.972   -12.124   -17.639
    -6.929   -12.019   -16.922
    -6.157   -12.161   -16.868
    -5.547   -11.761   -17.040
    -4.571   -11.971   -16.390
    -4.681   -11.612   -15.923
    -4.808   -10.905   -15.895
    -4.324   -10.674   -15.114
    -4.679   -10.464   -14.774
    -4.460   -11.031   -14.373
    -4.743   -11.524   -14.848
    -5.658   -11.377   -15.522
    -5.882   -11.381   -15.000
    -5.474   -11.866   -14.644
    -6.091   -12.182   -15.401
    -6.985   -11.989   -15.682
    -6.816   -12.160   -15.025
    -6.616   -12.716   -15.073
    -7.545   -12.795   -15.852
    -8.022   -12.616   -15.674
    -7.823   -13.111   -15.214
    -8.900   -13.389   -15.229
    -8.954   -13.450   -15.405
   -10.009   -13.789   -15.213
